
             r = x                 yL                 yP                dyP                 yS            yP - yS

 +2.8100000000e+00  +2.3831978563e+02  +2.3831978563e+02  +1.1000268933e-03  +2.3841668692e+02  -9.6901286633e-02
 +2.9100000000e+00  +1.6709658511e+02  +1.6709658511e+02  +4.3594834563e-06  +1.6709733782e+02  -7.5270965394e-04
 +3.0100000000e+00  +1.1511197772e+02  +1.1511197772e+02  +4.7725674716e-04  +1.1489778311e+02  +2.1419461262e-01
 +3.1100000000e+00  +7.7481814932e+01  +7.7481814932e+01  +2.4479887235e-04  +7.7343855470e+01  +1.3795946212e-01
 +3.2100000000e+00  +5.0501940616e+01  +5.0501940616e+01  +9.7971200284e-05  +5.0518932025e+01  -1.6991408708e-02
 +3.3100000000e+00  +3.1375359117e+01  +3.1375359117e+01  +1.7156482374e-04  +3.1345147094e+01  +3.0212023060e-02
 +3.4100000000e+00  +1.7998457466e+01  +1.7998457466e+01  +4.2566752167e-05  +1.7990321330e+01  +8.1361364877e-03
 +3.5100000000e+00  +8.7974303349e+00  +8.7974303349e+00  +6.7009074378e-05  +8.7766458662e+00  +2.0784468670e-02
 +3.6100000000e+00  +2.6031587824e+00  +2.6031587824e+00  +6.0579116248e-05  +2.5702034177e+00  +3.2955364696e-02
 +3.7100000000e+00  -1.4459618204e+00  -1.4459618204e+00  +3.4881882080e-06  -1.4450426602e+00  -9.1916019584e-04
 +3.8100000000e+00  -3.9802715130e+00  -3.9802715130e+00  +3.7425040714e-05  -3.9880881071e+00  +7.8165941406e-03
 +3.9100000000e+00  -5.4581832352e+00  -5.4581832352e+00  +1.9848782767e-05  -5.4646127532e+00  +6.4295180466e-03
 +4.0100000000e+00  -6.2112807754e+00  -6.2112807754e+00  +1.1555081529e-05  -6.2121064931e+00  +8.2571771587e-04
 +4.1100000000e+00  -6.4777793956e+00  -6.4777793956e+00  +1.9828138985e-05  -6.4840924683e+00  +6.3130727241e-03
 +4.2100000000e+00  -6.4271260330e+00  -6.4271260330e+00  +4.5068813926e-06  -6.4283242544e+00  +1.1982214487e-03
 +4.3100000000e+00  -6.1782707400e+00  -6.1782707400e+00  +1.0841263509e-05  -6.1791029647e+00  +8.3222464122e-04
 +4.4100000000e+00  -5.8134649775e+00  -5.8134649775e+00  +1.0101599902e-05  -5.8153385682e+00  +1.8735907119e-03
 +4.5100000000e+00  -5.3887046539e+00  -5.3887046539e+00  +1.4313952262e-06  -5.3886270432e+00  -7.7610715623e-05
 +4.6100000000e+00  -4.9414646567e+00  -4.9414646567e+00  +8.5896980235e-06  -4.9422509950e+00  +7.8633828393e-04
 +4.7100000000e+00  -4.4962288684e+00  -4.4962288684e+00  +4.6064144385e-06  -4.4967231454e+00  +4.9427698688e-04
 +4.8100000000e+00  -4.0683461754e+00  -4.0683461754e+00  +3.8024144320e-06  -4.0683510343e+00  +4.8588347799e-06
 +4.9100000000e+00  -3.6667428484e+00  -3.6667428484e+00  +6.4390898145e-06  -3.6670625300e+00  +3.1968161787e-04
 +5.0100000000e+00  -3.2959093381e+00  -3.2959093381e+00  +1.2363496110e-06  -3.2959589282e+00  +4.9590091578e-05
 +5.1100000000e+00  -2.9574009544e+00  -2.9574009544e+00  +4.8079473155e-06  -2.9573997575e+00  -1.1968943903e-06
 +5.2100000000e+00  -2.6509460371e+00  -2.6509460371e+00  +4.5821448589e-06  -2.6509910350e+00  +4.4997890475e-05
 +5.3100000000e+00  -2.3752017272e+00  -2.3752017272e+00  +1.1630681443e-06  -2.3751979700e+00  -3.7571375850e-06
 +5.4100000000e+00  -2.1282200663e+00  -2.1282200663e+00  +5.2895309659e-06  -2.1282352315e+00  +1.5165190014e-05
 +5.5100000000e+00  -1.9077236239e+00  -1.9077236239e+00  +2.8211048724e-06  -1.9077384538e+00  +1.4829871098e-05
 +5.6100000000e+00  -1.7112890613e+00  -1.7112890613e+00  +3.2735580369e-06  -1.7112647329e+00  -2.4328335845e-05
 +5.7100000000e+00  -1.5364944042e+00  -1.5364944042e+00  +5.5212974076e-06  -1.5364563574e+00  -3.8046790053e-05
 +5.8100000000e+00  -1.3810352115e+00  -1.3810352115e+00  +7.7776373814e-07  -1.3810330892e+00  -2.1222686555e-06
 +5.9100000000e+00  -1.2427923916e+00  -1.2427923916e+00  +5.5806336909e-06  -1.2427807366e+00  -1.1654996787e-05
 +6.0100000000e+00  -1.1198475149e+00  -1.1198475149e+00  +5.4279152326e-06  -1.1198371511e+00  -1.0363875049e-05
 +6.1100000000e+00  -1.0104670063e+00  -1.0104670063e+00  +2.1900426156e-06  -1.0104630749e+00  -3.9313394826e-06
 +6.2100000000e+00  -9.1308543782e-01  -9.1308543782e-01  +8.5117397966e-06  -9.1305742138e-01  -2.8016439108e-05
 +6.3100000000e+00  -8.2630177060e-01  -8.2630177060e-01  +4.4508188962e-06  -8.2629121856e-01  -1.0552047142e-05
 +6.4100000000e+00  -7.4887853961e-01  -7.4887853961e-01  +7.3014106351e-06  -7.4887984137e-01  +1.3017613827e-06
 +6.5100000000e+00  -6.7972733458e-01  -6.7972733458e-01  +1.2408343191e-05  -6.7972690850e-01  -4.2607696726e-07
 +6.6100000000e+00  -6.1788061782e-01  -6.1788061782e-01  +8.7244263718e-07  -6.1788143219e-01  +8.1436450683e-07
 +6.7100000000e+00  -5.6247021930e-01  -5.6247021930e-01  +1.7057420480e-05  -5.6244020275e-01  -3.0016553134e-05
 +6.8100000000e+00  -5.1273057766e-01  -5.1273057766e-01  +1.6974518465e-05  -5.1270283629e-01  -2.7741368636e-05
 +6.9100000000e+00  -4.6801649109e-01  -4.6801649109e-01  +1.0305399431e-05  -4.6802815030e-01  +1.1659201888e-05
 +7.0100000000e+00  -4.2779949568e-01  -4.2779949568e-01  +3.6691240497e-05  -4.2783424003e-01  +3.4744340969e-05
 +7.1100000000e+00  -3.9161952938e-01  -3.9161952938e-01  +1.8550979251e-05  -3.9163780402e-01  +1.8274636738e-05
 +7.2100000000e+00  -3.5901986231e-01  -3.5901986231e-01  +4.3948142018e-05  -3.5897198230e-01  -4.7880016256e-05
 +7.3100000000e+00  -3.2953335091e-01  -3.2953335091e-01  +7.6442168843e-05  -3.2945439736e-01  -7.8953543448e-05
 +7.4100000000e+00  -3.0275609876e-01  -3.0275609876e-01  +2.0356317797e-06  -3.0275799583e-01  +1.8970769136e-06
 +7.5100000000e+00  -2.7844259765e-01  -2.7844259765e-01  +1.4584764697e-04  -2.7856692544e-01  +1.2432779239e-04
 +7.6100000000e+00  -2.5648360337e-01  -2.5648360337e-01  +1.4978185403e-04  -2.5660447556e-01  +1.2087219565e-04
 +7.7100000000e+00  -2.3670903681e-01  -2.3670903681e-01  +1.3406616625e-04  -2.3660436463e-01  -1.0467217978e-04
 +7.8100000000e+00  -2.1868813685e-01  -2.1868813685e-01  +4.6116796138e-04  -2.1835102631e-01  -3.3711053615e-04
 +7.9100000000e+00  -2.0185051349e-01  -2.0185051349e-01  +2.2215886796e-04  -2.0170033365e-01  -1.5017984283e-04
 +8.0100000000e+00  -1.8602027682e-01  -1.8602027682e-01  +7.9341459195e-04  -1.8651609499e-01  +4.9581816268e-04
 +8.1100000000e+00  -1.7184656115e-01  -1.7184656115e-01  +1.4465671977e-03  -1.7268647009e-01  +8.3990894582e-04
 +8.2100000000e+00  -1.6024101322e-01  -1.6024101322e-01  +2.3718132541e-04  -1.6011309516e-01  -1.2791805553e-04
 +8.3100000000e+00  -1.5069142263e-01  -1.5069142263e-01  +4.0047235488e-03  -1.4867980600e-01  -2.0116166303e-03
 +8.4100000000e+00  -1.4024024041e-01  -1.4024024041e-01  +4.3288538344e-03  -1.3821348251e-01  -2.0267579029e-03
 +8.5100000000e+00  -1.2602191391e-01  -1.2602191391e-01  +5.7628448041e-03  -1.2853243596e-01  +2.5105220523e-03
 +8.6100000000e+00  -1.1132504843e-01  -1.1132504843e-01  +2.0249407839e-02  -1.1954289340e-01  +8.2178449680e-03
 +8.7100000000e+00  -1.0780098751e-01  -1.0780098751e-01  +9.1549166157e-03  -1.1125618411e-01  +3.4551966060e-03
 +8.8100000000e+00  -1.2239788376e-01  -1.2239788376e-01  +5.3458301981e-02  -1.0368110600e-01  -1.8716777763e-02
 +8.9100000000e+00  -1.3131684913e-01  -1.3131684913e-01  +1.0667777379e-01  -9.6759062527e-02  -3.4557786600e-02
 +9.0100000000e+00  -7.8444700236e-02  -7.8444700236e-02  +4.0019527673e-02  -9.0400035546e-02  +1.1955335310e-02
 +9.1100000000e+00  +4.4923466912e-02  +4.4923466914e-02  +4.7162551850e-01  -8.4519803483e-02  +1.2944327040e-01
 +9.2100000000e+00  +6.2242114128e-02  +6.2242114130e-02  +5.6273854914e-01  -7.9049953340e-02  +1.4129206747e-01
 +9.3100000000e+00  -3.4260029685e-01  -3.4260029685e-01  +1.1755696912e+00  -7.3926917515e-02  -2.6867337934e-01
 +9.4100000000e+00  -1.0220036171e+00  -1.0220036171e+00  +4.6071850528e+00  -6.9140604231e-02  -9.5286301285e-01
 +9.5100000000e+00  -4.2635875166e-01  -4.2635875165e-01  +1.9456335543e+00  -6.4735242832e-02  -3.6162350882e-01
 +9.6100000000e+00  +3.5986574697e+00  +3.5986574697e+00  +2.2092983636e+01  -6.0740465572e-02  +3.6593979353e+00
 +9.7100000000e+00  +7.7872659081e+00  +7.7872659081e+00  +5.3691953796e+01  -5.7077832335e-02  +7.8443437405e+00
 +9.8100000000e+00  -5.4008814283e+00  -5.4008814284e+00  +4.2032486155e+01  -5.3626980316e-02  -5.3472544481e+00